$ANSIBLE_VAULT;1.1;AES256
34333933343833633631356566646436323530326132336536666432616639396537396461326466
3062633337633261626237653564633830336439626165300a346336623262656564323733393836
39316637623439313130363761623763363264623561353438366432313935316536343363356430
3538343761636163330a663064323435326462623839633637356131363738316334333930356438
61366133353833623262636231323732393330656363323932356233636331303236383961333739
66616161313333373033363830306534393534633631663333623434313765363037336438323533
39373535313162653766303433613464646665626130633361663135303338363538323662616233
61363932386536626236643233376534376132623462306634376130323534333535333230326130
63313163633937386333656462313531393931656533663462346562336564643434623431313566
31643534303032363665316234353262663864336363633732363535623262373033643630306664
35376264613038633663616334353630636264366135313666353739623636366265633934623031
65616266626332343939323766663632623134623438373161343032626331383239313230336461
31343261323738323465633963353439346639666235343830333831363531383738393065396634
37353935653961313930333131663164656561386235333439326631666663363462303134333531
63636636616630303064366535346130656165356131343233376633383139653332626433336361
32343862663330636466356665396266653634303731616239636332393764383964383664333161
30623934343337393461363961373830666366623663653839306465663365316235323530303836
39663364646261393837353365356337656566343835393162316233646437646266343332373731
37326166313331386534353966616338386364653865393562383731333133333362616466326134
64646637666266366631313232396536653062643239336331323837373264656662653730343064
65383463306362303936613665313833353733653361653430666461636130663861373561636236
31643330616435383436363864353135323038383666316638663463316134626434373061663463
64653839373137376536306564343662333637373763306437366337656165376130393039346162
61626664343361346335313231356363346238316339613061343236383461326463336634383262
33323534613033646637616531323961383865636138383439313163303831613833386563356237
63383864363734653762396538326562396235376231313064353963386634643937666463663662
39616664386534333432373431366539653163363265366138303933656232343230663038393832
66353734323362323435363936333033663636646434626137376136343364373730366665376639
32653231303462373463396166383631613230616138653262396463323039616630303134666366
38303233333335353338393861626238393532376637613064393662323436373937633035386337
39323737393262366434336532393235656139333632373430336162346161373766306332386664
64633165383437326661
