$ANSIBLE_VAULT;1.1;AES256
66333537353766396464383262653761343731646266623735343562333566363963393063636431
3537396239303431356137396265373137366232333437360a326234373438626236346431303165
36366334323165663562336230353864356534633434646637333835656132666136386134386534
3536316135396364340a383663623234386465653133663036346636653439353833346663666462
63623139333330636138356465666339656562333036383537343963666130363933666239636364
65366537306137366335626163313466393461633539313262323466383935666466353338303461
30643635373366356132393065346662313636386230343431353634353439343661303935333865
63373036323166383233663963663564666532643862653432343863323131373134326130343736
36356335356438386266653738376637663631323363386535343534376331323366613838326261
36373066613038663633373131616334656533343032646630636265316562393835643266356337
65383835326533343638356366623161623864386166376134623035646236336662626564386365
37313235653761613533323730666134346431346338663762346530643935613332326330343734
64663965663030303438373963363961353937633861373635646430393161333163356632393463
37383736393266363530613131383039373662323564386639393365643335396561626431396565
62316630623066343235323962636434323430623361366136613539646339383231313531326335
34613333613462313864613639363763353238653061656132393662643535336239626332343637
33643637336431653134346231366437636263356331366662653163353966353136313339643763
63636664333934333764323732653039343765393833646235613666316364613964303832663964
30353436376630646530643334306132376661316462353733383435306661363633373736623532
64386433353763663737626530396232373065313333323631636361663130613436303534363535
32366230386439386466303635326230396437636434306337313537386161393332663562653535
64353739316134643865356166646363396166306339383466363532623639386563353434663035
39636339316535323064323232353630323762383362656663353838333632313665653532343166
61623262616564336232643630316132626466303837386666616435643462336366356164396133
35346636653335393632316436666138323837323463626335313830613336303763383938303165
66353836636436393566663665313730376362363830376165613963353066353839303466356636
35346333663564303339623731316435313039383635663064663764316464373461383162633264
62366164356432373935366235346432376431623161323862316231646266343936653531656665
30643563633765396164363931396231653938376434383633663562363431336631363563393633
64373338346332623363366261363362393232396332643130386661616439393266666565356438
30316230616336333933656632393431653463333261623939316666343965363134313263316265
65636466316633333734303332396636663763383062353933336566653536373162323639333063
31653630343165626339666235653062633966643366363731636462323332363533396562626535
37333461646234313066336565633166316438623639336661626265356364643638303037313766
38323539353836323066316132663966316232616238643436373662613132643836656131376331
61636536623039333636343832396331303031383239316630636230353530633830333236356564
61393461306261646261303932616663373733313166336234643239383739313564626665663431
66383835396339333238356533636133376161306538393166626661343261316539326431303564
35663237383430333233386335396139613664363162616565393632623865363039636238666266
64343337656537666138383666613461643334636234623338313631656262643331373862353665
35653962616430353138633833643664383237326131356233663664366639646161613632333133
64336232623865353665353338633337383263663163653664623665616534396239393766343037
37646434633566633863656235623864626439356665396236613265666538373636653833383932
64386266353837323831656636313364373934393664376436656330353663623339333561343137
36373435666535626131303832326661303763363632663864323935643364633234343632343664
66666665336438663762636566663463336365366432656265373965393232646135346462353636
31346131623762363864313865343833623735363263653263373434386239643161343462386365
30393036316531316533373362666130306133343335313436323866643661623836393263623961
32343861656665646566633938663338346563623631373963383961336562333231666531333036
61396562636162643038386138393136663463616135326436643962323535376536646361303731
35323536613238333564366264336432643334323861383534303365656663386264376331343862
33633735346561353661303536326233643565353662363031393537656534323063653662313230
36356163313633336231636533356231333439633263663736393163613035396238323162326466
65636462663866653935316365386164333066623130626463646135386239356362623833333331
31333538636532663037366132376130363432613864643039333334363339666239306133346263
35346435636135613134323435613565313339366437363433343662383261663665623265396564
38666262396464313134376232346535346666353031623234393861396564333135613434303533
32633236303265373133626139366637343763653534343337633535336562396638383139333561
32366462313838396230643666316630316536613762633066633830646265336266643935303837
39336162623737373130326530633661383434346265613434393265323932376439313830383931
32303530326266343363306134393433656331363133316530633337623931306465396535353132
34373037656335616135363266323135303131383533653538313739373836623635636463383337
65656162343634656235356566356635343331656330366565343965646330336164353135313063
62636237633935643936393838616438393837346432303133643733636134303136323664663132
63393466616133653637386639313362333934653362353333613430613734636234653339323435
65643361303035376532653135393864646234333335353131333535336361643533376363636536
39313361343866663664343761316636306366633331353530613666396430316232636332626162
32376635643338383736336563333734363031386432386139393632363565336538316332396663
64363166396161353932623163373130316438346162343339613139353564613262326263636633
33393364303731666439656339323065373031643136663738343962656131373164616333666137
30313465643564346265366138353238306533616334386235336630393337666431313766383835
38306463633962636462346638613636303566623761323863366339656435376537356338373838
64363865326538373235626462313532616565366337653937393062626163343036613035353536
38356265643366336163623763636134633331633633323237386531313936626139356139666435
30303364346336306161396434386135366366316637623163666131623634646539333733326437
38376539613765643034306464636134383234353334323333346138373765353565323335373763
33313538363830393639623437393430333534343633633061323261363534306338323031646633
66666661616265396434393364333436623863393739623230623938323665663236363533393339
63336438303239336363363031663431616161643835656132376564663865353562353537373064
61623636306565333639646161616537653865646438343539303936323137363934653865623935
37383936343331656430363238323634313137663230643965313936323030396164346233386638
38333137303265343463663732653734323165623132306136633862653164326232363837346464
35313939323330396531323732663834646536343533316563333062336535363362346239653663
62366234343233316163653363333763653534623737376564336136386435396239366638666165
37616232646564303666656661363064623532363638303264623337626261343139396233643465
31633831383835313861636538306537613561326132396431323537323962306239626631623632
37323863333838396664313165386266633835323632346466616566386566636431303937363064
32663137633532393566323332356433336362366231386262343234366463363437333035343164
38386237663433643331633932396137333032383133373933316462613562613061383435633037
62613932383665306166323166653664323539613630666664646637373038646237373035613238
34366139646638323034626365303261616266303732393335353134646334656432653532323437
34346663366464306462653937666166313031373464326666333034306462393039323734616537
64306432616131353564316662323733366361366233373432316634386134653333643262353637
38393662313663396266316162646632626438386264613062626164313164643166343333396134
61393933656639626239623434316539656430623630373464353166323638326132353062613736
66623863386530623133643433643132363366613630636630356362653638356232386438323361
38376535643330343139373735366237323137626236373931633138396464393131383739336437
61386631646531383030303366633863346535623361613136303035346164663233303330323339
37313333656532646338366132333861376639386331633762353538643164393162643565376432
32333964626165333030366630323934333331306333366166303562323935306465323864613237
33663735306433383233616563366238663238386631376335313234303436666333363634383032
65333966343465656365323033653230646637623661366133333163373630313361333334323937
31373530653764383730313633626330666664323037366163306661303932343939633635383833
39663931616630356364383564653135643330663766363534366137333366636535303533343039
36666539326138643337633334613439626463316264363966306538623836613639633931366237
37336462326532313936616234626561666137303932363138613130623762373632623139663830
33393933393131646465393239336134336338626539313537646434623932306634363539346263
62626466393334383033313239646433363937363636646664613136663264346634393366363531
34653031316534373137666438626638343930383565633836343464366635326431333735376466
39323436663139623835376137326233363937386436333165306139666131653432636639376537
33666237393433633338643635343463383933316634633031636432326165313432613938613037
30363830386633613064396537613061666263373836333231343663313834383965323965356531
37643963353666303035353334653862313565646435356334383838656532326537613932363932
63356436353564616330343736306235623834653635346333303633346437653936343836393934
61383038323533656337613761363364663730333838303566653863626534336438643139386464
37323432376537383233393262653661613461366535383939626165613565396330343336373761
33366539633638396165653535626630643833383336656664393164663237383437386432626162
32643532386162383539303934373436633561393466343462346135313334336666306438616663
38386630313737653230306565633831616434333463303466613439353962396662373366303662
62326337306334383063383161356135386139336337616338323963613834376462666663323965
38356339373364663761323330343435303934613537623761616361616238313263316466346661
30323064663565663431313163333562623734613930643863633337623838656234386361343761
61656162353261616632653861353065393935356165393864653436623938376531646637303831
62313663316666363135313439373364363266636231626363666131666462363662623365336333
39396265363365366566346336303862313039643330303533663439303863356464393564636561
30646131643064366638303262366638623663396431613039666237303638623962653030356134
62643538653434653865643033613032656561653766646230316537656338326434386437643262
35353063373364613265623361353066363538633464336663643263346162653937343432376264
31303235386138363661303131396135386162653065633330653636373037353364313837313630
39313934643438653463626164643231343962646136393134313939616538393837363138356639
37393932323039396430653965343163333539383939356234333735363937613164373563306538
35663935653665306131363864613061343661396262323632363334313936383738663761303966
64326438626339313639346335653535386565356534303531643765663462626231303636623938
35313537396433336635366263316463623564643237346339303463363935326664663763643931
65613736663933316135366531373730613838616237363535346136656633363632326465643036
62346666393637323566303964346536313138643861376162623264643464656166646135626266
65323630643737333736623563633362653335616331633838663234666363656239313962663338
66613433316230636139623565613861343037353330356133353165333663316631336262333965
37656331366634646132626530343038333065383632343165666163343563643936383165393435
35303034323332633130336164346530333939623333313036326261666363313433623533663535
32396562666665653037336131643166396563393063626665653130633461633963616366633337
61393265343234353738663132666661393362343638303464643938373939363634303766633362
32666464613134616233316339643237653136353061393264643664366666333462366234333733
34303937636237346264366132333739386233316230356664646330636662346430323832653763
65326536616564303864333636343635366137643065646439366537336637323135323536366531
35343138343761313934666433396532326137613237653165663265663031323232376465383430
62626664353733326437623135616266343031363366653333353866323638623132663062613462
65373362646465336637656239326638653533616431323534383662313536323937343462383030
66353266626437623562383631333136326637393066666362376137613635326433623430343362
36656233623331323834393262323133336363633466633530396463316633336136636166376131
34373636366161386465373235663136636662636232326561643762313232376331383065356339
64653133663434313266383738666130383335613866333131323862663662663832346634313935
33313135363134656330656438316264373632376135623839643361666666376565316635363032
61646537396665363962613563366335323238633733613233623666663039646162626636373962
34633433323963373437626439386662303062366662653664656362343437656636623761623962
65353333396262316636663630363139376565313534663062383135383366313461326535333030
66343134376131633966333566636433393462396338643737366435333365656364333930633430
36646532616533313864653261636365376235623361623934653332666434653865623730323031
35316339373132663131303530376565373263373036373231383230326165626664623431386363
39313636643063316630336631653831333833366365313863666539343435333131646137653264
32313262653636383434353062366362336139656239363437303636633861353063373533356563
65626537666135366530633933346232613966393364326434313965633463353635633264336437
65636233353631323839386132303161386137323566353031376562663565613531633563623966
37373130643864363632656636633562386439366565626537366635343865386566656136626534
61613465386638366132386638333565373839396234353639376662393863303835633532626561
63316430383232663238663533303031643135656636303833336666393363346564333362313837
62666463313862613063656230336162613063383936633133373135373066383065333438663136
33333934633265646166386136376132613434643866363662303232656461633166376630396331
63623664363463316634326630393162326664363864396266643335653264346539323461363265
38613837613566646161643963343964383261313335633866373336376431656162613536616161
64356666316539353133376337616535346435666232353036333039626239343464636362303166
38326338346636306138333938656430383863663034313566363639636333333263303034333938
39343237323030396536306665326333393966366561643537613838306466663037343735666166
6234646232306631633965643637313963323466303231626461
